OMEGALUL	3.70000	0.47140	[3, 4, 4]
Pog	4.00000	0.00000	[4, 4, 4]
PepeHands	-3.00000	0.00000	[-3, -3, -3]
widepeepoHappy	4.00000	0.00000	[4, 4, 4]
LULW	2.70000	0.47140	[3, 2, 3]
Pepega	-1.30000	3.09121	[3, -3, -4]
KEKW	3.00000	0.00000	[3, 3, 3]
monkaW	-2.30000	0.47140	[-2, -3, -2]
5Head	3.70000	0.47140	[3, 4, 4]
POGGERS	4.00000	0.00000	[4, 4, 4]
monkaS	-2.30000	0.47140	[-3, -2, -2]
AYAYA	3.30000	0.47140	[4, 3, 3]
PepeLaugh	2.70000	0.47140	[2, 3, 3]
widepeepoSad	-3.00000	0.00000	[-3, -3, -3]
Sadge	-4.00000	0.00000	[-4, -4, -4]
FeelsBadMan	-4.00000	0.00000	[-4, -4, -4]
HYPERS	4.00000	0.00000	[4, 4, 4]
YEP	3.70000	0.47140	[3, 4, 4]
FeelsOkayMan	1.30000	0.47140	[2, 1, 1]
Kapp	-0.30000	0.94281	[1, -1, -1]
EZY	2.70000	0.47140	[3, 2, 3]
HandsUp	3.30000	0.47140	[3, 4, 3]
PepoThink	0.30000	0.47140	[0, 1, 0]
gachiGASM	3.00000	1.41421	[1, 4, 4]
3Head	-1.30000	0.94281	[0, -2, -2]
FeelsWeirdMan	-1.30000	0.47140	[-2, -1, -1]
monkaHmm	0.30000	0.47140	[0, 1, 0]
forsenCD	-0.70000	0.47140	[0, -1, -1]
KKomrade	1.00000	0.00000	[1, 1, 1]
PepoG	0.70000	0.47140	[0, 1, 1]
monkaOMEGA	-3.00000	0.81650	[-2, -4, -3]
monkaGun	-4.00000	0.00000	[-4, -4, -4]
peepoBlanket	2.70000	0.47140	[2, 3, 3]
monkaEyes	-3.00000	0.00000	[-3, -3, -3]
FeelsStrongMan	3.00000	1.41421	[1, 4, 4]
peepoHappy	4.00000	0.00000	[4, 4, 4]
HYPERBRUH	-2.70000	0.47140	[-2, -3, -3]
monkaTOS	-4.00000	0.00000	[-4, -4, -4]
peepoLove	4.00000	0.00000	[4, 4, 4]
weSmart	3.00000	0.00000	[3, 3, 3]
FeelsGoodMan	3.30000	0.47140	[3, 3, 4]
KKonaW	0.30000	0.47140	[1, 0, 0]
FeelsDankMan	1.00000	0.00000	[1, 1, 1]
REEeee	-4.00000	0.00000	[-4, -4, -4]
monkaH	-3.70000	0.47140	[-3, -4, -4]
FeelsSpecialMan	-2.00000	0.81650	[-1, -2, -3]
4HEad	-1.30000	0.94281	[0, -2, -2]
KEKWait	-1.00000	0.00000	[-1, -1, -1]
WideHardo	-1.00000	0.81650	[0, -1, -2]
monkaMEGA	-3.70000	0.47140	[-3, -4, -4]
Prayge	1.70000	0.47140	[1, 2, 2]
peepoSad	-2.70000	0.47140	[-3, -2, -3]
YouDied	-2.70000	0.47140	[-2, -3, -3]
pikachuS	-0.30000	0.47140	[0, -1, 0]
peepoClown	-1.00000	0.00000	[-1, -1, -1]
COPIUM	-2.70000	0.47140	[-3, -2, -3]
WICKED	2.30000	0.47140	[3, 2, 2]
Madge	-2.70000	0.47140	[-3, -2, -3]
PepegaPhone	-1.30000	1.69967	[1, -2, -3]
WideHard	-0.70000	0.94281	[0, 0, -2]
peepoWTF	-1.70000	0.47140	[-2, -1, -2]
WeirdChamp	-1.30000	0.47140	[-1, -1, -2]
POGGIES	3.70000	0.47140	[4, 3, 4]
DICKS	0.00000	0.00000	[0, 0, 0]
peepoFat	0.70000	0.47140	[0, 1, 1]
PressF	-0.70000	1.24722	[1, -2, -1]
MEGALUL	-3.30000	0.47140	[-3, -4, -3]
PauseChamp	-0.30000	0.47140	[-1, 0, 0]
Pepepains	-1.30000	0.47140	[-2, -1, -1]
Okayge	0.00000	0.81650	[1, 0, -1]
HeavyBreathing	0.30000	0.94281	[-1, 1, 1]
Thonk	0.70000	0.47140	[0, 1, 1]
4Weird	-1.00000	0.00000	[-1, -1, -1]
TRIGGERED	-3.00000	0.00000	[-3, -3, -3]
widepeepoBlanket	1.70000	1.24722	[0, 2, 3]
WaitWhat	-1.00000	0.00000	[-1, -1, -1]
Klappa	1.30000	0.47140	[2, 1, 1]
Pogey	3.30000	0.47140	[4, 3, 3]
PeepoGlad	3.70000	0.47140	[4, 4, 3]
monkaChrist	-3.00000	0.00000	[-3, -3, -3]
SmileW	3.00000	0.00000	[3, 3, 3]
GG!	3.00000	0.81650	[4, 3, 2]
4House	-0.70000	0.47140	[0, -1, -1]
Stonks	1.70000	0.47140	[1, 2, 2]
pepeJAM	2.70000	0.47140	[2, 3, 3]
peepoPoo	0.70000	0.47140	[0, 1, 1]
SadCatW	-3.00000	0.00000	[-3, -3, -3]
Hmm	0.00000	0.81650	[-1, 1, 0]
Hahaa	-0.30000	0.94281	[1, -1, -1]
PagMan	2.00000	0.00000	[2, 2, 2]
gachiHYPER	2.70000	0.47140	[2, 3, 3]
ThisIsFine	-1.70000	0.47140	[-1, -2, -2]
sadKEK	-2.70000	0.47140	[-3, -3, -2]
HYPERDANSGAME	-3.00000	1.41421	[-1, -4, -4]
monkaGIGA	-2.70000	0.47140	[-2, -3, -3]
SuchMeme	0.00000	0.00000	[0, 0, 0]
2Head	-2.00000	0.81650	[-1, -2, -3]
pepePoint	1.00000	0.00000	[1, 1, 1]
EHEHE	2.30000	0.47140	[3, 2, 2]
4Shrug	0.00000	0.00000	[0, 0, 0]
MaN	0.00000	0.00000	[0, 0, 0]
Clap	3.30000	0.47140	[4, 3, 3]
peepoHug	3.30000	0.47140	[4, 3, 3]
Bedge	-1.70000	0.47140	[-1, -2, -2]
PepeLmao	2.00000	0.00000	[2, 2, 2]
stopS	-1.00000	0.00000	[-1, -1, -1]
CatWhat	0.00000	0.00000	[0, 0, 0]
StrimPlz	-1.30000	0.47140	[-2, -1, -1]
POOGERS	-0.70000	1.24722	[1, -1, -2]
FacePalm	-2.30000	0.47140	[-2, -2, -3]
monkaSpeed	-1.70000	0.47140	[-1, -2, -2]
KKona	0.00000	0.00000	[0, 0, 0]
okiRIP	-0.70000	1.24722	[1, -2, -1]
KEKL	0.00000	1.41421	[1, -2, 1]
pepeGun	-1.70000	0.47140	[-1, -2, -2]
Susge	-1.70000	0.94281	[-3, -1, -1]
SadCat	-3.30000	0.47140	[-4, -3, -3]
widepeepoHug	3.00000	0.00000	[3, 3, 3]
JUSTDOIT	1.30000	0.94281	[0, 2, 2]
Bruh	-1.70000	0.94281	[-3, -1, -1]
gachiBASS	1.70000	0.47140	[1, 2, 2]
eShrug	0.00000	0.00000	[0, 0, 0]
OkayChamp	0.30000	0.47140	[0, 1, 0]
KannaNom	1.30000	0.94281	[0, 2, 2]
FeelsBirthdayMan	2.00000	0.00000	[2, 2, 2]
PLEASENO	-2.00000	0.00000	[-2, -2, -2]
pepeLaugh	1.30000	0.47140	[1, 1, 2]
peepoShy	1.30000	0.47140	[1, 1, 2]
HUH	-1.00000	0.00000	[-1, -1, -1]
VWasted	-1.30000	0.47140	[-1, -2, -1]
PepeClown	-1.00000	0.00000	[-1, -1, -1]
RAGEY	-4.00000	0.00000	[-4, -4, -4]
WTFF	-2.00000	0.00000	[-2, -2, -2]
PillowNo	0.00000	0.00000	[0, 0, 0]
PillowYes	0.00000	0.00000	[0, 0, 0]
4WeirdW	-1.30000	0.47140	[-2, -1, -1]
FeelsWeirdManW	-1.30000	0.47140	[-2, -1, -1]
MikuStare	0.00000	0.00000	[0, 0, 0]
peepoFinger	-0.30000	0.47140	[-1, 0, 0]
Tuturu	0.70000	0.47140	[0, 1, 1]
peepoBlush	2.00000	0.00000	[2, 2, 2]
FeelsWowMan	2.30000	0.47140	[3, 2, 2]
OhISee	0.00000	0.00000	[0, 0, 0]
FeelsAmazingMan	4.00000	0.00000	[4, 4, 4]
TooLewd	0.00000	0.00000	[0, 0, 0]
dankHug	2.00000	0.00000	[2, 2, 2]
peepoPat	2.70000	0.47140	[3, 2, 3]
PogO	-1.70000	0.47140	[-2, -2, -1]
monkaT	-1.00000	0.00000	[-1, -1, -1]
coronaS	-2.00000	0.00000	[-2, -2, -2]
ConcernFroge	-1.00000	0.00000	[-1, -1, -1]
Dolan	0.00000	0.00000	[0, 0, 0]
NOP	-2.30000	0.47140	[-3, -2, -2]
BootyTime	0.70000	0.47140	[0, 1, 1]
Wokege	2.00000	1.41421	[0, 3, 3]
PeepoWeird	-1.00000	0.00000	[-1, -1, -1]
Pepege	-0.30000	1.69967	[2, -1, -2]
monkaStop	-2.30000	0.47140	[-2, -2, -3]
RIP	-0.70000	0.47140	[0, -1, -1]
PepeREE	-4.00000	0.00000	[-4, -4, -4]
nepSmug	1.00000	0.00000	[1, 1, 1]
4HEader	-0.70000	0.47140	[0, -1, -1]
ToroSalt	-1.70000	0.47140	[-1, -2, -2]
PantsGrab	0.00000	0.00000	[0, 0, 0]
WutFaceW	-1.70000	0.47140	[-1, -2, -2]
peepoShrug	0.00000	0.00000	[0, 0, 0]
widepeepoHigh	0.30000	0.47140	[0, 1, 0]
RNGplz	0.00000	0.00000	[0, 0, 0]
CosmicBrain	2.70000	0.47140	[2, 3, 3]
SHEESH	2.70000	0.47140	[3, 3, 2]
catOK	0.00000	0.00000	[0, 0, 0]
GoodMemes	1.00000	0.00000	[1, 1, 1]
WideHarder	-0.30000	0.94281	[1, -1, -1]
dogeKek	2.30000	0.47140	[3, 2, 2]
Catgasm	0.30000	0.94281	[-1, 1, 1]
YuuBooty	0.00000	0.00000	[0, 0, 0]
AYAYAHyper	2.30000	0.47140	[3, 2, 2]
PepeSuspicious	-1.00000	0.00000	[-1, -1, -1]
pepoHmm	0.00000	0.00000	[0, 0, 0]
BOOMER	-2.00000	0.00000	[-2, -2, -2]
Okayeg	-1.00000	0.00000	[-1, -1, -1]
KannaPolice	0.00000	0.00000	[0, 0, 0]
Clueless	-1.00000	0.00000	[-1, -1, -1]
peepoPooPoo	-0.30000	0.47140	[0, -1, 0]
peepoKnife	-1.00000	0.00000	[-1, -1, -1]
ricardoFlick	0.70000	0.94281	[0, 2, 0]
4Heed	-0.70000	0.47140	[0, -1, -1]
VaN	0.00000	0.00000	[0, 0, 0]
AYAYAWeird	-2.00000	0.00000	[-2, -2, -2]
TrollDespair	-3.00000	0.81650	[-4, -3, -2]
FeelsSexMan	0.70000	0.47140	[0, 1, 1]
SmugPepe	2.00000	0.00000	[2, 2, 2]
NiceHost	-1.00000	0.00000	[-1, -1, -1]
KermitENOUGH	-1.70000	0.47140	[-1, -2, -2]
BASED	3.00000	0.00000	[3, 3, 3]
PepeLa	1.00000	0.00000	[1, 1, 1]
AmaRekt	-1.30000	0.47140	[-2, -1, -1]
FeelsDonkMan	0.00000	0.00000	[0, 0, 0]
peepoRiot	-2.00000	0.00000	[-2, -2, -2]
peepoSIMP	-2.30000	0.47140	[-2, -3, -2]
forsenScoots	0.00000	0.00000	[0, 0, 0]
OOF	-0.30000	0.94281	[1, -1, -1]
monkaLaugh	-1.00000	0.00000	[-1, -1, -1]
widepeepoFat	1.00000	0.00000	[1, 1, 1]
peepoG	0.70000	0.47140	[0, 1, 1]
ppL	0.30000	0.47140	[0, 1, 0]
pepeL	0.30000	0.47140	[0, 1, 0]
Daijoubu	1.30000	1.24722	[3, 1, 0]
PeepoFinger	-1.00000	0.00000	[-1, -1, -1]
Weirdge	-2.00000	0.00000	[-2, -2, -2]
monakS	-2.00000	0.00000	[-2, -2, -2]
peepoExit	-2.00000	0.00000	[-2, -2, -2]
Hmmm	-1.00000	0.00000	[-1, -1, -1]
catJAM	3.00000	0.00000	[3, 3, 3]
Kermitpls	0.70000	0.47140	[0, 1, 1]
BOGGED	-0.30000	0.47140	[0, -1, 0]
GAMEOVER	-0.70000	0.47140	[0, -1, -1]
REEEEE	-1.70000	0.47140	[-1, -2, -2]
HEYYEYAAEYAAAEYAEYAA	2.00000	0.00000	[2, 2, 2]
ILuvU	1.70000	0.47140	[1, 2, 2]
YeahBoi	2.00000	0.00000	[2, 2, 2]
FeelsRageMan	-4.00000	0.00000	[-4, -4, -4]
GoodNight	0.70000	0.47140	[0, 1, 1]
LETSGO	4.00000	0.00000	[4, 4, 4]
haHAA	-1.00000	0.81650	[0, -1, -2]
pOg	2.70000	0.47140	[3, 3, 2]
pepoRope	-3.70000	0.47140	[-3, -4, -4]
COGGERS	2.30000	0.94281	[1, 3, 3]
CirnoBaka	-0.70000	0.47140	[0, -1, -1]
WTFgurl	-2.30000	0.47140	[-3, -2, -2]
KEKLEO	0.70000	0.47140	[0, 1, 1]
pepeW	-1.70000	0.47140	[-2, -2, -1]
peepoCheer	3.00000	0.00000	[3, 3, 3]
rageW	-3.00000	0.00000	[-3, -3, -3]
peepoKiss	2.00000	0.00000	[2, 2, 2]
MegaLUL	2.70000	0.47140	[3, 3, 2]
peepoDetective	0.00000	0.00000	[0, 0, 0]
PogU	1.70000	0.47140	[1, 2, 2]
TooGood	3.00000	0.81650	[4, 3, 2]
Gladge	2.70000	0.94281	[4, 2, 2]
KeK	1.70000	0.47140	[1, 2, 2]
Gigachad	3.00000	0.00000	[3, 3, 3]
monkaO	-1.30000	0.47140	[-2, -1, -1]
KermitTea	1.30000	0.94281	[0, 2, 2]
peepoChrist	-2.30000	0.47140	[-3, -2, -2]
OMEGALULEatingAnEggplant	0.70000	0.47140	[0, 1, 1]
xbn	-1.00000	0.00000	[-1, -1, -1]
NickyQ	-0.70000	0.47140	[0, -1, -1]
PepeLove	3.00000	0.00000	[3, 3, 3]
PepoRage	-3.00000	0.00000	[-3, -3, -3]
peepoHey	2.00000	0.00000	[2, 2, 2]
Ohno	-1.70000	0.47140	[-1, -2, -2]
monkaThink	-1.00000	0.00000	[-1, -1, -1]
KKoooona	0.00000	0.00000	[0, 0, 0]
DIDSOMEONESAYCOCK	0.70000	0.47140	[0, 1, 1]
HeyPal	0.70000	1.24722	[-1, 2, 1]
WoweeW	2.30000	0.47140	[2, 3, 2]
NepYay	3.00000	0.00000	[3, 3, 3]
arnoldHalt	-0.70000	0.47140	[0, -1, -1]
BibleBag	-1.30000	0.47140	[-1, -2, -1]
PepeThink	-0.30000	0.47140	[0, 0, -1]
UHM	-1.00000	0.00000	[-1, -1, -1]
peepoHurt	-2.70000	0.47140	[-2, -3, -3]
Floshed	-0.70000	1.24722	[1, -2, -1]
JustRight	2.00000	0.00000	[2, 2, 2]
NOOOO	-4.00000	0.00000	[-4, -4, -4]
FeelsOldMan	-2.00000	0.00000	[-2, -2, -2]
TeeHee	1.00000	0.00000	[1, 1, 1]
WeirdDude	-1.00000	0.00000	[-1, -1, -1]
peepoAwesome	2.70000	0.94281	[4, 2, 2]
POI	0.70000	0.47140	[1, 1, 0]
Kissahomie	1.30000	0.94281	[0, 2, 2]
shrugFace	0.00000	0.00000	[0, 0, 0]
LOLW	1.00000	0.00000	[1, 1, 1]
UhOh	-1.70000	0.47140	[-1, -2, -2]
BadSpeedrun	-2.30000	1.24722	[-4, -2, -1]
Sadeg	-2.30000	0.47140	[-3, -2, -2]
PepeScoots	-1.70000	0.47140	[-2, -2, -1]
Pepeg	-1.70000	1.88562	[1, -3, -3]
GoodMorning	0.70000	0.47140	[0, 1, 1]
ICANT	1.00000	0.00000	[1, 1, 1]
Pogplant	1.30000	0.94281	[0, 2, 2]
PepeMods	-1.70000	0.47140	[-2, -2, -1]
LennyFace	0.70000	0.47140	[0, 1, 1]
noxSorry	-0.70000	0.47140	[0, -1, -1]
KermitComfy	0.30000	0.94281	[-1, 1, 1]
peepoCute	2.00000	0.00000	[2, 2, 2]
Kappa_420	1.00000	0.00000	[1, 1, 1]
PepeChill	0.70000	0.47140	[0, 1, 1]
RoWOW	2.00000	0.00000	[2, 2, 2]
FeelsSadMan	-3.70000	0.47140	[-3, -4, -4]
Krappa	0.00000	0.00000	[0, 0, 0]
WeebsOut	0.00000	0.00000	[0, 0, 0]
NOPE	-2.00000	0.00000	[-2, -2, -2]
pepeD	0.00000	0.00000	[0, 0, 0]
FeelsGladMan	3.00000	0.00000	[3, 3, 3]
ButtBooty	0.00000	0.00000	[0, 0, 0]
OMEGASP	-2.70000	0.47140	[-3, -3, -2]
peepoNotes	0.70000	0.47140	[0, 1, 1]
MeguminHappy	3.30000	0.47140	[4, 3, 3]
THICC	2.00000	0.00000	[2, 2, 2]
NaM	0.00000	0.00000	[0, 0, 0]
NyanPasu	1.00000	0.00000	[1, 1, 1]
peepoS	-1.00000	0.00000	[-1, -1, -1]
ThinkingFaceEmoji	0.30000	0.47140	[0, 1, 0]
AndKnuckles	0.00000	0.00000	[0, 0, 0]
DontBully	0.00000	0.00000	[0, 0, 0]
MOIST	0.00000	0.00000	[0, 0, 0]
4WeirdBuff	-0.70000	0.47140	[0, -1, -1]
peepoNo	-1.30000	0.47140	[-1, -2, -1]
Starege	0.00000	0.00000	[0, 0, 0]
mericCat	-2.00000	0.00000	[-2, -2, -2]
DesuOP	-0.70000	0.47140	[0, -1, -1]
monkaSSS	-2.30000	0.94281	[-1, -3, -3]
LickMe	0.30000	0.47140	[0, 1, 0]
widepeepoClown	-1.00000	0.00000	[-1, -1, -1]
KEKYou	-1.30000	0.47140	[-1, -2, -1]
peepoYes	1.00000	0.00000	[1, 1, 1]
peepoFriendship	3.00000	0.00000	[3, 3, 3]
peepoCry	-3.30000	0.47140	[-4, -3, -3]
CatHiss	-2.00000	0.00000	[-2, -2, -2]
PassTheBleach	-2.00000	0.00000	[-2, -2, -2]
WanWan	1.00000	0.00000	[1, 1, 1]
HYPEtime	2.70000	0.47140	[3, 3, 2]
ABABABABA	1.00000	0.00000	[1, 1, 1]
PeepoStop	-1.00000	0.00000	[-1, -1, -1]
noxWhat	0.30000	0.47140	[0, 1, 0]
KannaWave	0.70000	0.47140	[0, 1, 1]
MutedMic	0.00000	0.00000	[0, 0, 0]
Booba	1.30000	0.47140	[1, 2, 1]
peepoRun	0.00000	0.00000	[0, 0, 0]
KKrikey	0.00000	0.00000	[0, 0, 0]
OpieOShaq	0.70000	0.47140	[0, 1, 1]
PepePoint	-1.00000	0.00000	[-1, -1, -1]
TriEasy	-0.30000	0.47140	[0, 0, -1]
gachiPRIDE	1.30000	0.94281	[0, 2, 2]
PepegaBlind	-1.30000	0.94281	[0, -2, -2]
monkaStare	-0.70000	0.47140	[0, -1, -1]
2Header	-2.00000	1.41421	[0, -3, -3]
NeverGiveUp	3.00000	0.00000	[3, 3, 3]
HYPERDANSGAMEW	-3.00000	1.41421	[-1, -4, -4]
peepoFlower	3.00000	0.00000	[3, 3, 3]
peepoRage	-4.00000	0.00000	[-4, -4, -4]
Magoo	0.00000	0.00000	[0, 0, 0]
NANI!	0.00000	0.00000	[0, 0, 0]
PoiPoi	0.00000	0.00000	[0, 0, 0]
smileW	3.00000	0.00000	[3, 3, 3]
+2	2.00000	0.00000	[2, 2, 2]
-2	-2.00000	0.00000	[-2, -2, -2]
W	4.00000	0.00000	[4, 4, 4]
w	4.00000	0.00000	[4, 4, 4]
www	4.00000	0.00000	[4, 4, 4]
WWW	4.00000	0.00000	[4, 4, 4]
wwwww	4.00000	0.00000	[4, 4, 4]
WWWWW	4.00000	0.00000	[4, 4, 4]
